-0.0456729696925849
-0.7798178330779482
0.6688100779998416
0.3428782912186268
-0.24069784009850415
-0.5213437032849156
-0.6302218084150003
-0.40372417383081977
0.09866496360124782
0.5446112728487669
0.588319453227713
-0.8471204112392887
-0.741860174821252
-0.3272131801656044
-0.4538871088745515
-0.2475929208617992
0.16122501302920092
-0.26687576306507166
-1.7384204504480687
-1.1202602978424563
-1.0495005922694631
-0.3912597469928204
0.9090730276246325
-0.32827219645483136
-0.24291625653752597
-1.3118296819881474
-1.0815828059924706
-1.2595497806579043
0.2751362461953723
-0.4130918599224419
-0.1578025828093289
-0.6155103526981751
-0.13276010746430986
-0.67384873535301
0.29203162587708636
-0.8528083541346156
-0.20082727323837632
-1.4093400496053798
1.1038727131491388
0.9439083111377927
-1.1797485809578647
-0.27855442658932633
-0.1618896048292061
-0.9260198360406914
-0.8427562811228105
0.8439781837254532
-0.35615732787479365
-1.301051176788836
-0.8861398472542255
0.5339270471029421
1.4384333453176406
-1.0210336424601205
1.0661964209634505
0.6893070204300552
-0.564909242641704
1.3172601443366636
-0.22017694351742442
1.1581844498495288
-0.37085779007784736
-0.3734803967558484
-1.389883656882772
-0.4998626500489438
-1.1872658966750724
-0.9401649700143996
-0.911664957218927
-0.27301154824172086
0.5627770727661107
1.7006864951180962
-0.5755674975961034
0.6463982756098998
-1.447818764863171
0.9389786351834477
-0.2648759836124675
-0.3243069248392722
0.938504933338307
0.5324682953248763
-1.3235335647301933
-0.5085296235439003
-0.009452142515364541
-1.1957673904132726
-0.3793645953158779
0.0652122630961259
-0.7028824830339485
-1.0041785205071838
-0.5496951048945438
0.9921587180663605
-0.22183197829999324
1.0517292080457723
-0.8994641530824178
-1.0081396797475732
-1.3608623375380646
-1.2263442562746234
0.928199633022844
1.0000086427154153
0.31845266396722915
-0.3344756689646523
0.3391512164853898
-0.9994710563887765
-0.6912497665593875
0.2037651204303635
0.9334129194047674
0.4062158733954833
-1.4157820644580466
-1.1553261264504928
-1.0966398840951652
-1.6935718485979305
-0.3672256599339275
-1.255392589471985
-0.3711215513638141
-1.887717237138332
-0.5573394369894203
-0.2530454416126701
0.3413839117813219
-1.1069954600435081
-1.6799495641713786
-0.4365813039713484
-0.5456301990280099
0.9404580419645432
0.04553259451427112
0.05179636374535302
-0.45044754543285503
-0.1601705336521437
0.37491525615008364
-0.10916301913736036
-0.2327454651907913
0.05642572212486103
0.11699359567909186
0.07718323116233464
0.8471936915363374
-1.256896717859124
-0.9364694373937867
0.15210297942661719
0.9134971130995219
0.6862097112855591
0.1643697423363082
0.8188506031493791
-0.06765009908403287
-1.4324486528477447
-0.8858344252346452
0.3152310713888559
0.4451528203226006
-0.8948313324803769
0.4416384495419212
-0.6798640947747535
-0.43854379860888243
-0.9544886615124635
0.448646663724382
-0.80875492758879
0.4028436476327378
0.4131326890169132
0.22267359561848654
-1.2660644805336214
-0.09277764518081533
-2.0083455084821633
1.2034708827798382
0.11291511929944255
-0.5169346643953855
-0.8519698243688143
1.1447223034967438
0.14249498110510952
0.21999585634200966
0.5458389416266849
-0.41631666074844326
-0.8377678658768615
-1.4348130411573374
0.9531435933354576
-0.44805050706729965
0.4576164112790504
-1.3208507920846744
0.9098847583361831
-0.7187191371495346
-0.4360041886026942
0.6694855007439469
0.17689401268686888
-0.5540461572154479
0.6362909500078779
0.379083429590699
0.19210416980342024
0.19454743574453173
-1.434148263844971
1.1436423288357713
0.23743755969276548
-0.8430796634468731
-0.8580034862189119
-0.5827452935510947
0.2513900593439519
-0.034503485928021244
0.3111795421853966
0.2871860320561142
-1.3530189682568563
-0.30259969075632137
0.26730868875642233
0.042553233702760325
1.2390959163022846
-0.022229845811469237
-0.3166742124019881
0.18481239226684507
-1.3340535882752
1.1515284393451846
-1.5103221156275346
-1.150853915067297
0.9918276793040244
-1.1235821617619022
0.33272209844057454
-1.165311276141677
-0.4787497872371434
-1.6784925154779344
-0.3124294326562234
0.20402685103014845
-1.2947796277488741
-0.7165371175424052
0.7899264499522591
-1.2651161839680454
1.1882460870703648
0.02720461184599823
-0.708115742687047
-0.9541156933262424
0.2215277942131172
-1.697100978100959
0.1815236124349165
-1.142030559615469
-0.49140590081122837
-1.612862297476359
0.5030610404237874
-1.173259400424321
1.4581489581480336
-0.5441018260584628
-0.5437242893659997
0.1266088906863552
0.1779747832605873
-1.2988919104717656
-0.8768950624552595
-0.6685040880081948
0.8425835572307936
-0.8803348211601086
0.01317552180588374
-0.858039096002016
-1.4155163552068388
-1.0450269923138498
0.671423264107567
-1.2104117032180584
0.12784013419697138
0.9239565605960536
-1.4420672300966784
0.20709662840631854
-0.3791251278509938
-0.797273258385399
-0.26976297003974625
1.1543964270873617
-1.1177773982842334
0.06755224546958316
-0.76734393336443
-0.3909297321215566
0.5761187927981379
-0.8818304808164537
-0.5789280112212506
0.6335499851823085
-0.8701099522081909
-1.2368005360018024
-0.2827250961624339
-0.8262147830109734
0.6713202290636735
0.8366406385176625
0.6984161923782513
-0.3888665048508904
-0.6097759428232448
-9.854739767138137E-4
-0.5288894995028358
-1.5628145109535259
-0.05686232576080985
0.8786360391276236
1.5618419515791164
1.006434043465632
0.4202622509151961
-0.7794034918381435
-0.3350392772347687
-0.06779309623052808
-1.0204900866869664
0.30571175420184143
0.45885999554247875
0.2564399936991097
0.3973938664186071
0.7012840785313361
-0.09691065217740245
-1.1334860949522587
0.3883619602480478
-1.6718469263956455
-0.21969525168156212
-0.09301098859772766
0.38932265883557926
-1.2302071601183235
-1.374988269265525
-0.7780787230656555
0.14575815436442677
1.0081446179904117
-0.9545608941816197
-1.1070620372029132
-0.26330033299425976
-0.04117076259437981
-0.2572865253538948
-0.6564816133044127
-0.9300918933625871
-0.6332893925757781
-0.44581546493231167
1.5550564777745615
0.9923886681931395
-1.0027624945645095
0.43461229882866875
-1.6391922505579475
-0.24439053710422687
-0.6400842048845842
0.043662884130094115
-0.32449947163952486
-0.14145237346413042
0.970504048622029
0.34129279825061704
0.8718130001221382
0.769448937187228
0.4355138293533764
0.3972764728004605
-0.3814961690405761
-0.7049364511723817
-1.1282922458989812
0.13294058404199935
1.1762455837775292
-0.31253653378573715
-1.5682221045042783
0.38916094516036476
-1.020163956780999
0.47438448701914154
-1.7089999517447934
0.46780858365213307
-1.4378749260191583
0.43533455543602784
-0.6411131425961354
1.1503171138633008
-0.9725451877982686
-1.1191098606105792
1.6098661858697458
0.3043584682315318
-0.5600030910274093
0.9794885776583625
-1.3104213299474008
-1.1995820925700527
1.3255510145080192
-1.1034919103696672
0.3205736292540983
-1.4473333950276324
-0.28421362944808887
-0.5532609306451811
-1.3823878667242715
-1.0278848181776452
0.3144501839113247
0.5912137586582015
-0.28711061411424293
0.857658608260184
-0.5018500675675913
-1.042631064998176
-1.0384810662172435
0.13397633341971385
-1.2200183306123475
0.26756670297649954
0.7200098735920114
-0.9520990728542761
0.36402952703380415
-1.2271580756490592
-1.9800268260923268
-0.6801802766437418
1.0301978763878143
-0.5235665795673704
-0.5739903518427635
0.19757156669619944
-0.6438190509261842
-0.904828070518965
-0.5757633538153734
-1.8058356376027962
-0.06802429586421373
-1.1220861756016125
-0.4052285740959808
-0.783632299768171
-1.6672862134716135
-0.47849519319433104
-0.9144172172329946
0.1399413552601464
0.07425557941968695
-1.4043524888424197
0.08757605703884358
-0.3842988328390126
-1.0610726927566476
-0.3729168918700669
-0.9770486078375714
-0.852933739488973
-0.34036660241335226
-1.2336062536494945
-0.5876726261710121
-0.946436160987723
1.2888019611313908
0.34975742833501544
1.4683092715060455
0.9769129517647348
1.00532284884536
-1.058771791512773
-1.2896481074450203
-1.851472291107511
-0.03983915868677715
-0.7678553457235776
0.4802756430327098
1.1702100454372257
0.8299224173059794
-1.5002633510166776
0.8337211440820741
0.30371845120304986
-0.5911519822698047
0.8464981711100508
-0.8366818005877111
-1.1799335684191006
-1.3273849684812216
1.6298572858021225
-1.7901692247916032
-0.15102915808008824
1.165610950008159
-1.533862212303948
1.653385550785061
-0.9519643407362008
0.6416539979605238
-0.6590200192662009
0.16039216237650902
-0.6917437655087616
0.8750437313403945
-0.7262409148083775
-2.133018526639024
-1.46386263712249
-1.8789186898638206
0.28190141089943715
-1.0895681658746266
-0.23694929543704513
-0.42348162774585013
1.2370180576460272
-0.25098281351172164
-0.6698309179693698
-0.9659556246582988
0.4219710848540312
-1.1714671736887599
-1.5112048092054118
-1.7879187927143672
-0.7298678882972632
-1.573835385112766
-2.0444923857996673
0.428451222705462
1.0644967756612016
-0.0063725376116368195
-0.009465008923474788
-1.1061859278366293
0.2358274886441575
0.5741017516907133
0.9295849349535689
0.43988749160706775
-1.702319954157692
0.8588417164675307
0.1781420421659277
0.4185981961366444
0.38078871774950507
-1.7307913406937667
0.41094704833476964
0.34503882441972566
0.9497819949653594
1.7639968398119907
1.9902523910834085
-1.5900123078372166
0.8776855407993868
-0.3475514976433756
-0.954713296146573
0.6044404558023497
-0.3869544787970056
1.0834124370666598
-0.11993863409742564
-0.5155306789786748
0.334497302547247
-1.0156859506667177
0.15088898111731608
-1.7662905061470886
0.06277073094415217
-0.006609733619767986
-0.7358944851814957
-1.6326479374492142
-0.08095232026998406
-1.2940081739754548
-0.9773163704399556
0.6744061255429484
-0.7130755502247504
-1.7466287035574997
-0.3734198177120966
-0.8006716056526352
-0.9011297930796492
0.8934787075492818
-0.9558810487031814
-0.12082651243971076
-2.229189003036669
-1.0355122585169119
0.7981896817271493
-1.2584128230253946
0.5716035549000275
-0.04350683552162624
-0.5082951834446734
-0.9107865453366465
0.11036295506456435
0.04641444395292802
0.5335753665067073
-0.8411489580503968
0.3510734395401861
-0.19096471103328938
0.1260867543551473
-1.0748599347691625
1.0681156968545897
-1.4779341243941104
-0.6165151931621464
-1.0226061209216202
0.8951316820750723
-0.7747888022382892
0.08953727911899499
-1.9703586207587287
0.41823093348767426
0.6371356278339467
-0.7458359108205309
0.048443521968884976
0.4377193226872348
0.5787621452634915
-0.3926580380231378
0.298709317058971
-0.6694623310047161
-1.4763262873799594
0.018312191923049562
-1.036181698784386
-0.1017421100337946
0.643726909307096
0.5460631142444703
-0.5165105147034721
0.4574115832360818
-1.0755738055863437
0.2425011074903379
-0.07702745267898337
0.3294685771336132
0.6868584548990299
-1.2509204689068048
0.056756960943020095
-0.5269148923359241
-0.9488967266952834
0.8838498213603668
-2.33437510084769
-0.37023064141413703
0.47772773120522105
0.29033205979819343
1.0332913451856016
-0.5619823754921647
-1.3241045447495152
-0.4534046948250381
-0.08991563563962003
-1.6548631937575102
-1.9455865874411638
-0.8811588915862558
-0.09250774480181446
-1.0640486561378315
-1.893299456095075
0.5938656361626773
0.8328379354342543
0.5312123411365592
-0.9032352299216606
-0.8041082466515002
0.7206535134415512
-0.2626084137354628
0.018922995490265698
-1.8935136644596409
-1.0102414739094356
-0.6057816891983334
-1.5586067625113627
1.2702247703397602
0.3413352823072621
-1.0571101556672329
1.2703135204733884
0.7581142608257787
-0.4996908549432987
0.791344991319054
-0.28965793961236674
-1.4273331949343084
-1.0591839330313013
-1.0988063189938175
0.9465698232961164
-1.0843806871839434
-0.4921138928009496
1.3945760193834704
-1.3263319738482033
-0.14640822817477653
-1.1906047433655718
-0.5102532606685748
-0.9359438244389569
-0.9533144073312783
-0.7795143914836685
-1.7442960424259608
-0.8755886399367747
-0.8130711440348424
-1.6394719073003998
-0.023048350958624418
-0.954104643709088
-0.711330402783479
-0.8059833408388121
-0.9439725754292106
-0.774460654768215
-0.5313045005841518
-0.2722426295726368
0.48929943231413947
-1.0186600499364988
-1.2473051978107312
-1.0863321617421426
-0.2725513838723214
-0.665312586452838
-0.43468981233351944
-0.44041940399941526
-1.394562379148404
-1.2185250769450835
-0.2792174452090535
-1.1809559260758633
-1.432578912666946
-0.8377300072839364
0.23148116197213447
-0.01968551390710103
-0.3142206803334338
-1.0738507839594427
-1.059074144079059
-0.23149239252875983
1.3547899471594658
0.5691172323207156
-0.7465425520675181
-0.009585874337270562
1.2226333979788833
-0.41953733658645537
0.7147774881220259
0.43222429418002084
-1.8387430843721202
0.9510104150675671
0.4287858788444558
-1.639753323432231
-2.0025057696862683
-0.948221009437709
-0.2634502217927749
-2.3300124789700525
1.0470855055046306
0.05326008264956794
0.20636554670723378
0.6528016111718292
0.5009759048793723
-0.9193901612091341
-1.0216467802682385
-0.7382163871013422
-1.93403783740841
-0.015526811133867719
-0.15536535888599695
0.2317533972803148
0.1568044671313943
-1.5950048974455617
-0.41850199938626464
0.26071585061702374
-1.3650234383760245
0.36191353931038694
-0.29832853611709287
-1.325800946123935
-0.3531298856402019
-0.3364575348520418
-0.20221387302431398
-0.9175917475133082
-1.0529210164822014
1.3247070992370513
1.7100430485863007
-0.65133184100336
-0.3433631799308084
0.5534065873886597
-0.03221338279991483
-1.1174610662554154
0.7208887207363567
-0.28896486931717247
1.2937226898505012
-0.6802184639939198
0.9184833017177478
-1.0617978071593157
0.4373008576580103
-1.3392152795830417
-1.213836108329976
-1.2198097521480356
-0.9756757575836883
-1.8686879793666888
-0.19916304730909917
-1.032019382285714
-0.3444916369833078
-0.771733523412129
-0.7692636026276879
1.1870702078584188
0.5230725186688272
-0.12189727840128403
-0.6790356796020846
-1.4183058108835251
0.6624315423239162
-0.6950788183683959
-0.14655014572056535
-0.5176476805533885
-0.475112100900687
-1.1095897540104867
0.3574978855371147
-0.5657341803692028
1.2297771709547476
0.8836009007865296
0.2982709952455462
-1.098067365872641
0.6167787535057281
1.0447876281354678
0.2845030859569016
-0.33373930489253395
-1.1658806833296558
0.5855938944175894
-0.6589959218001501
-0.06082843918567687
-0.04854234435414709
1.2679594057500962
-1.3245896164224529
-1.0992347765920216
-0.07490521400423655
1.7257159019748762
-0.7237354366898519
-0.20823642623859906
-0.9458479630863452
-0.15617446642233976
-1.0383947607106885
0.3334178443390068
0.7543229694792097
1.375185025673223
-1.634670320395244
-1.6104638663874982
-0.8500201422189589
-0.060168395062770545
0.6015073017427304
-1.5152112607942532
0.6081014127660018
-0.4451560675924986
-0.2540169536943712
-1.0079396735394905
-0.9144405280925549
0.5318333177938325
0.39042606771041305
0.6989289537422123
-1.980110001360694
-1.0035491612955008
-1.0469942915483663
-0.6225392029651102
0.0918099458197355
-1.8280308843391966
-1.1442457754206108
0.264702812742986
-1.5228316907957675
-1.324367202159485
0.26606765961509926
-0.6537385779551919
0.6641230255503544
1.9394251370283728
-0.9411130989780462
0.5097238630521027
0.46027131431673735
0.08741906255652407
0.7880110327377939
-0.5373962700662405
-0.7353043898924824
-1.1461128829288558
0.2871646672743368
-0.5020126502179091
-0.26843042817355145
1.1833469185038823
0.9248261366667311
0.21735803403809778
0.6487390921882027
-1.0876620663844911
-0.9653608216378053
-0.3351254974004851
0.42182461986634023
-0.6802034410728209
-0.30312623044915576
0.42026555120763903
0.11095724016311959
0.16002493372904708
-1.246450249364867
0.8991422313448362
0.3632884672086543
-1.3093619031231418
1.3305004232947975
-0.6249768396054034
0.19457454699544083
1.414830979485728
-0.3479298145139922
-1.0306631867167113
-0.8969039608914335
0.009602766437308086
0.5794223897960615
-0.9154978596253677
-1.6439792184392268
0.4797930896199023
-0.06709285220387004
-0.8725407545778537
-0.3919553633411256
-0.7627748086708797
-0.9234050398817882
0.7149465845449098
0.36483635527125896
-0.4532177898360659
0.45286833495745393
0.14953461442672492
0.21865534349060345
-0.29382852674408744
-0.9386040089193414
-1.0325152378767088
-0.2784082330939974
1.2107936711702465
0.6656652993349484
-0.7832162206412002
1.534604388448184
-0.8001796453263084
1.9706409988361464
-1.1795423259428293
-1.3000427050598953
-0.7928244757490246
1.1398740876354836
-0.8314351145107589
-0.4292320822284955
0.39653247829550026
1.0134670106558161
-0.23905332522421952
-1.3659951912522905
-1.5581478319128934
-0.63471866424191
-0.8504887816891861
-1.2474450403765625
-1.4864318515227948
0.3848582501446324
0.786237027452216
0.7389928931558986
-0.5322750384727764
-0.6460272195674747
0.6115377611887451
1.8844845671112362
-0.5644758807088279
0.7584918656788345
-0.3106690522018639
-0.050004699817757445
-0.33978855202356134
-0.5098199732264319
0.0047584708030906685
-0.5937986356190853
-1.6224641012744967
-1.676199724305975
-0.9176544775781903
-0.5219575857368536
-0.5064111313881926
-0.07416039109135714
-0.8273326076707876
-1.2765681302838703
-0.47668186830881765
-0.7630130664767982
-1.5204838446094322
1.1503588972429264
0.2489473721487821
-1.297917486752308
-0.3614412150149615
0.37891493970315665
1.1284110630084025
-1.8108787422724961
0.24997290474743625
-1.9883845198699073
-0.9912077515928004
-0.5108529910843368
-0.6281376518768962
0.8790895980955952
0.25339177525491385
-1.3987366338280451
-1.2606743138062726
0.9833797600942372
-1.230178052183107
0.06799933273813552
0.1813303678048872
1.2223455150451574
0.8881472809395672
-0.8401407015146635
1.2582678565525287
0.7349783631604455
-0.6920760046949647
1.1997438332381303
-0.38979683775162677
0.467177179708318
0.9238630748013937
-1.6164622285643415
0.41340132478921177
-0.1841720393688683
-2.0664612873415598
-0.0025123390042634374
0.319773938747362
-0.11502324983106346
-0.9415591179885986
1.3728818325470138
0.7607329178706871
0.47441570754944135
-0.6582470927981231
0.4340066202709785
0.8959696854287802
-0.8143546815260868
0.04000387355783352
-0.8925506706985106
-1.7233305445059472
0.31511623024823454
-0.40503696738387596
0.30326616333147555
-0.6322940958122467
-1.672573965600909
1.1004382980354768
-0.7690511981933015
-0.2257629200417853
-1.2109794394648123
-0.011713937648952233
-0.9363427681170715
-0.14770506477875378
0.7621457449206135
-0.6959160286885785
0.1973742900306537
0.41089325015381883
0.3444998151790059
0.6363377928116901
0.4454016454517613
0.12177340052821985
-1.1595195212025775
-0.512812158112171
0.253874523663053
-2.280067317067223
0.2991340522265082
-1.4048726389944182
-0.2139651035856677
-1.6129219360113958
0.5709012243090489
0.040975550019231824
0.19503590365222198
-0.21690405453740588
-0.840896829877328
-1.3827048986741752
-1.114523671750045
-0.47113085859610176
-1.0099808234968863
0.4646936542172935
-0.4744529608333068
0.6834253567104824
0.6457710745483962
-1.8296016715233456
-1.3610335081815441
-0.6367494024092792
0.9854891429735055
-1.3441496121589585
-0.2300100131406745
-1.2408002839026657
-0.45187643290069895
1.537368130077486
-0.947168987657847
-0.7531018055944044
1.4861943646972309
0.3250234467823779
-1.8275003675808
-0.21171999463178937
1.090652209004399
0.8150252565522216
-0.7725598754733164
0.7020775709601418
-0.6921612238264983
-0.2789699311756227
-0.6918868879178163
-1.1106652967856052
-1.1260442428494637
-1.4230304039667627
0.11551602818426467
-0.7153405601311583
-0.992252043446853
0.24023690863297964
1.2186531572813823
-0.6503100647447118
-0.3615126194286816
-0.8140076741948583
1.1458874632595266
0.6128319174868415
0.12494202721287608
-1.2487721934197902
0.862256536693765
-1.7326926289000066
-0.2722460465999844
1.2170286166759112
-0.9535259603097371
-1.7917659491155864
-1.3042044613168062
0.06310681768404501
-0.5563274744407148
-0.6068121752833354
0.5258675176146014
-1.235067733430451
-0.5033454319751542
1.097016154736258
1.0257857148820662
1.1938130121785213
0.8901770264981951
0.26598081649651617
-0.7144425012847575
0.42785382649393844
-1.1482796613691657
-0.5250398037403176
-1.0244165861275571
-0.6325661435000868
-0.31034329162825713
-0.3267382185685206
-0.5699262017539682
0.9300945102897848
0.8064093184152012
0.7908792546540713
-0.4472597807755285
0.8273131284143956
-1.1844528300881432
0.9258731367400737
-1.2856419928075822
-1.0326088428024174
-0.6775465135470348
-0.33328266200450135
0.172744570226264
-1.4149725241509
0.34557916156099105
0.4484303863261268
-0.914370314052296
-1.1059347889762778
0.18999892424870796
-1.0241159100401571
-1.2183218382319765
0.16670415106651507
-2.5299246570262075
-1.1798149764246197
-0.6075769853114068
-0.6058873702936632
-0.24116842023031276
-1.5889135065549909
-0.8377241074026612
0.43518473258524876
-0.5621810592342553
-0.16903085461083914
-0.32706283182645324
-1.0706473867926571
-0.6043263365070257
-0.6381758219213738
0.5212975178568854
-0.27715630712494177
0.4141430984224034
-0.41599314536440163
-0.9060202638263627
-0.427048411572267
-0.05163437203008701
-0.7983858967252303
-0.5219770966456514
-0.5567338088241899
-1.2802442213785237
-1.0725917672108136
-0.48946267643118213
-0.4785168363347184
-0.5802764221011165
0.025007386938003105
-1.0999123582357104
0.9624770414328266
0.7374690815831646
1.0076412996243014
-0.8953050346022201
-0.5360691897729377
0.8687859797779358
-1.0740175097979021
0.7963115960765665
1.5021107262017475
-1.4466107878651986
0.42676608338083927
-0.8955276841404413
1.0996350844892944
-0.06682594540728282
0.12467246288777956
-0.8783545212345648
0.11860341199192682
-0.2341180328799849
0.9069867405741457
1.268542031440363
-0.3327967933907428
